$ANSIBLE_VAULT;1.1;AES256
34613762303261663764316434306438613862326535373632666665383239323363303163346637
3331643235333738653166323632323038633239316435370a353462306466396165393432653566
62313662343666333165663637323935323563623265313930376564663230306535643034376435
6165363661306132300a303134663962666365613735356266613733303261346533366231633336
63363662343530623661366134333932643261363662653266316637333265616161643261303731
66353631613166373531353238393138353632653036636233633736653830373662393636643136
37363536316231376532643564626261343462636264353162626439626662373630633735616565
66643735636166376136343564353962326362336564633762363930336366383434363361646439
32383433373163313962653432346134653461336564383531346531663639383031343461666564
32313839643435616364373561613430343638303531333762653433383331376565633337306662
36613466633865303866363464643334336664636538643465613034346336376262656262633963
33653162313338653130373763303335323363616438643036613634653736393038353962383365
37313365623732343831663436316166666436313163643831303765306361653430383438393431
35386532343666616634363032343833316364646431363932643130376135343339663830393937
33383031393466336436393663613665316139396334343737366238343534323161643430643262
63653062636163363530323863616437343539363738653066393134356162343364613035386132
33383661666433343035653731376563343965393864626465613435623662663038633462636162
62366162336639633262323631383230613663616336656430376439353336383735336566353334
32613536313563306535396435376435663363303665306261373233383339373062393738626631
30646136366232346461346534613432383464336137363237383463386261373362373761663536
62393335396265646633366164363939633834333464383935396339656436313836353664323433
37326539306361623562656138613533386565393063393532353762643763346666633737633739
30336230343438633736326562636339633461333439643764386164336430356335633361313539
61346337303030303033366161333936383366356337666439633164666130346638346364333639
37653730393830353461393339373336323531356637353337336362346562666234396464356338
30303364626363653564333639356630353533356566353462363239323034623035633430613439
61643834356461353762376135613265363263336564653035643630376433303231386332383838
35363533343835343731393661323431643634653234613061323938616439373730633736643936
62376636613135336635353139613039613136383966313264646630383433373466623866653263
64613736326432653061646662373035336338373963663962633533633661303436616463653862
31343230316234303133663536653238663233336131356434653935613662353137363537386362
37363062373861346234636430383463313339393331643731383165393235366432353065383764
39643537623135666539633565393765323161353864666538373534386436656133376234336537
65323262636138353066613335346439663364623330383830393339613464613662613239336161
34336566363462303334633538346361643663383738383065366164613533373436623139326463
34616463313666616234396265383162656564323532383731623735653438376364653136366131
65326632386330343437386232373464393039643866313863363739316331663137663161396132
64396639346534353531616164663965623165373966653536326462343065653465623939346139
61653435646136353631623865353537323436343337646337313764646230353961363665333833
38306563613635663436326265383263613064626464356666663539613465323435396563636238
37393637376261363934616237666463376565633035383030326333323535343962333135373164
64396437383663393935353432616532306261393033373061353761656638666264656634383933
39303331373962313232373364633364366538646365656332666633623365643139306561343961
32323862363766343535666134326639333562613831616363313063343763666233383239326337
38386634333330343366323563633364396465326662303331653832653332373765323831303637
38393036326633313064373662396365313963313136353262643263303930376231366564353037
36656130326663333830353435376634343831383336393661653134343830383565396333353035
39343161343034623836613065313038646237366134656532383035313963646361353632613134
66396164656630356463633536393033626533316430663264393839643065316332333735643764
34386265383761613431376638343562383330366562316536646263313265353938383935653065
31326461663465343735373735313761636437646564623562323936386331656132613264653737
35633564393237613937386166393363313262393137313465653465626466383461623337373636
65623365386131643539653734363036613431636233656264376433646437653564653939366561
66663535333134613938313364316337633266623632646131626561613836303636383264353335
36393565613133356637383531393264613365623531666666316266623862613032323237646463
37613239643865616633363737373132323432316139313431666263333565363435333035396231
39373831313237373533333139353063333837646530393432616336376439313464613039323138
65313332636265343639376363666538316634666237653831396633336436633766353337323762
30626236633831383164636464376532303265316638353538646263326438376231623738346438
32343336373537633030336463613166613934613936623238326464653230616533316231366136
66623461306464306632353363373133636538393964666133396266393535386363396532333432
66663530626263623234626463326662303738383865633861356162386230616464336263353362
33646638366262353266313464633862393130626165643936643264663262613861343162396136
33643838373130376430663838366262663762303961313635343366663261643130663338303834
39393134613234626533396236346331386539663065353464316238666237393361353062333438
38386662353966383563363832393965333932386664323933383432613462376665646136626530
61353465376136653938633162383436366431373864623133376162623566373063613733383138
33313365353733323537313766346637313736313935623035633565386633373235643935393138
64303134313834306161363735366630636361393765333966346563366333346565643638306435
35336562373930393065613733376439626633363939653536393832356465326463613933633633
31393239373063653861653263663330323335356562396233626465376532656539663562646664
36313032313533316363663136363635373165383032616464646662303536646535386430653231
35643166393761666136633233353439383538323364623935396436613637313434333461333938
30366635616332643337373565353866333039376632316333333335353536656636373334666232
64646333393562656262613432623236633434313166383864383235303132666563313436366635
30653732376564313132363135313965623839313038626530326265343761363132626536333965
61646537333462343264373161356539396139663437666439386266373465613537653564663965
61396235346230336232626530613234313232353631386533396430383533393131373165656332
62326465613566383739353364303535303335633661623833396136656235333338396530313430
35616436373832303564353164313164623838356463656534343239636566313338336437313963
38303438663635303064613139383730626531643161386664636330356535363364663435316165
63363862333934326366313933383863383532323730353638313031336632393335623864306365
39653763656530393932336163643764373762303562353062666236366162623538313839623862
31633539366232363537363535626333623065363937616137643638626133333661316636663963
32336438336331613036366561326532666339636332383336646664366433306134303164346133
65343938313235383831653334313937303061353562393131316133396533616433373332303565
65636531326132303663393839636661333937353562393535666237616432386636363231616439
66336539643837363165386336363062336336633764363861663430633939623338316438343337
32656461353937663836646666303465396537623236326331623832663339313162303837616334
64376264386135653162303234613461393330316663396139313933656265363566306164613365
39383534333536663662633530313831376235613632333438376566313963396635373333333233
34643730316536306134336636333431313964316335383438373938633232363766303365653933
65393831383339323931313562386163336562353763363162623838613631636538333761323834
35373263336433653339616461313137323030366461373837623031386135636536346332303135
65666462376438663062383238373431653563616436363731663032383561343231613530636433
64643261393334353238653434653631303261303463376139616562366464313063393531646139
39383162363462376636313831613835353134386564666234376131616338376339363862396134
30613031613030383862666134653734643065613964393830356232636632663039353033366431
61666237376465356535363661646530323564353633353833393466343231363230393032316637
36303836626362616633663430333364383839383862386337306462626133316565646361373439
61353736386466396336623338353037366137353365663063613961333264646338396561646632
36646635323763653761376232626230666335363334383534373431633833656266333838333334
61396366626664663737613337383334643531656137373162633735353036623464663334623863
30616535643937303261376335323237613732333535343134326562323865356635653763613961
32633563656433303066393432643134356165303834373830343730303633623237626433326533
33383837633565323938643131303138393334303561383732393830633461303534643564313233
30376461316332653866323637616637316433396665333164333738383465613365663833366539
63306430616231353764353033363263386338613961313164333833313161396561626165323962
39613364393463643537373464626434376538623731613563393839626462383739653035633861
62366465343830616630323137353165353033663161666230643564306366373037346336336535
63653263666662343336646462653033376262363966303266343535396537306263353337313538
34386231306431356361623838313236623739383066663932613664336266303664366561393263
62663331313830303539356430396630666661656633333161386434326661326231643566653230
30356134373364646463356364396239373337663639343665386139643065656465346662363936
37636439376639663632306663626562306330613035653733343935353631633437656535333563
39633966363336376135353435636262336666393862343430656261623238653935386637393862
31326537666362613732393165323164326134643163616233366333303731633135643561343935
65363466343962313933323961643036383333653635393538363666663462643632643638366337
36663638623964386338633463383033386233633333613765656332333338653561656330623066
62643837393163656663653337623631373564316632306461383532373737616564313636316363
66376563616339396666613335616536383730386164313234653437386433396566666565393863
39613063613061666163313436336432333637326231346231356135613338343362356434326261
31623339336131336365656630343764653739303366363732366530383865623131666531613365
37363138663130643631373136396339643934373730353062313239366366613739306661653334
64313132373735346661643237363834666262623638343936303461333064353339396230366138
63313865356662373361623666636564633063356666666463393563333539326635663039633064
39303735313039623235326136653566343633663939363230373335646639643361643365383062
65343062373130373238633761376630626332666532356531373462393162323734626162306336
64626666343535313037323333363762396331393339393161346233616533653063663734646536
31383561643064393934633337313839306432396363643461653561393734663737353236336662
31396235306633353233646361396662663962333634343134653564343665353437663339663465
63333830343230326266323536303334343362303037326161663534336365316330356261646334
66303164633330306262326264363062663861353265323433396361626533323130633430666661
32623037326235666236323763313565316639613430636537346332383330323831643462393532
39396230666535306336383965363966633165306130326339643539363965643831353138336234
65366231333237366439313035653039343963386337616134366263666563373064363064323435
62323331626363666634663866363231366366633933393364336133393935353633653464373038
34336237323639383535646237643535353535393564356338336265666139653731396636333562
39386561356239333834386639306661346633323332373535306339333766323235396237653532
61643138353733316530626238376333626438646565373231306533356335623834356137663465
37346634613266313935623833363865376261623430633163396439363532646538373837363062
61316532303331303362663664393230343361623838393936383162313032346531316632303235
64356537313639363662333266393133373638303462636337323036303639613838396232653939
64666634323031393730373235383964313461613931333238653435396664636431363239306533
31343365333136623836613964656565323137326264643266383138313866346537616636376239
37393033363033613566316434653663383939613738373866643233613637646232623030643334
37396639623466613664353561376137393462366465383565336666366634663037373761373030
38623430316336623333356161383833653962636162656435313832643930626639363165306133
31663965353434346339663065613666326432323166323765376330363237613062356439323166
33646565653166636162386537366263653765303638323134643161623639366162616433396134
34386335333032316639363265356562356338346265323836616130373766646163663661343336
33396234346236623966633937616666313532356366333832643332666132616331326262326639
33363031366537656562323937313336306666366435643334643532343461356533313862383037
62613535623136336464373236626463366362653034616636316331336539366535373863663665
66366331393234373739356434373935376532346636376665663832383032613263373031303134
62653439653430643662643939363639623739626261343539343734653531353433613531393933
62356235613630643139366261393563656636303166646635393161353165303530373232336431
34313138623039363361636166303862633038333236646139636132383538333966386630343934
66643238323765666665386666336635393237633265633461663062653662343737316462623635
39313361366539303862653632393866393561343937653566356630333235313464386336383337
33656661383361623665353864386334323633343261303537333963656637663536336661336636
61646664303635316261313164636139646466363030643939643030613630653331356266383262
31653439346463353538396262633233353138663338633738346238643938653039346230653464
66333737376336393436323235656336353433613562643737393838383735323330363762616130
65386365616333613461633362616136376339356330616634313665353735663562663333653134
31656334623934376161386533306262386431333535343539333330343433366334623135373739
64306266326665353866623064653435623133346431363532623432396432326431323965386534
62623930363835353834633839343234633262633732306163336362613063386231313566653764
31376238383330356634353765326136306233333231663439393436383633373638393964633737
32356531393266323032643837353330613565383434623964323035623136623138393466396133
32613038373136386662333764383166393532653962633635343531306563323965316265376363
33616361306566393630326566383262636365633130373138633836646239373731373439643064
34396265383835303538363736613735343439356135393132653435363531396534653832316333
30636232643939363139626461613131383533336530383136363064643565356661376131356665
65666534663638333061633539333835386663393636333637653934316661373262623939643233
64376262316237316633373038376331646337376139613534616636666137383662303238653334
63386131666536333563626262323433653538356432656433366432393630613430343131356266
65383364356339666630303036626631636632393630393434373765313831383261663163343035
63613763343637373961343534613138383131666436363864363630323335396163313131363961
36323939353239633433383135643931313766643666343763306564393165356365346462386437
65383966663037636439363632346437306633636332653361626462313439653633623835363035
61353065316535363634306333616637646162396235353237633637613864633763653532333663
61383561343938663132356466336433343766653034333232363862353364643265633239326464
34623834666565303433653632386631316134336639303861663265356435653032333032396163
34373565613862663036653630383931643033626130326561656466336435663163616162383262
61333830613436633831323033656234313462386535393734396662323531366262393031343264
63356334663463376166623461663063323863613134316334623930663638666263616630373235
31623562336230303264663633383638316333626565313030633963346630316637303837333135
34353265656432313335373535333238346233346236663335353861316539323133313036323238
31363961656562373562643764633164373865636163613730666335393738356333646163326230
32626134363134363733343365616262333936313664653730343066313531663633643134653564
65333866356138393864653833613437323534323534613732323366316330333166373330643362
30656663666131363362373036636663353461623531303432633839353634373734316166353331
62333063643565323061333133373465626165343063643635303839326363383561646334333965
38303936316138316130303031303534356538626133643239373134636662303961313964396436
63353736363166636161356234653637323136623262306161363338656135333133623939653230
65376664393930346639393338373737373738333464353232643334363434633633396532343830
61393066333630613639333237383636613633636337333530336666653164633966633232393633
66363930633966373632376465343561633035313735386161326461313239656664613739303230
63626164306130346238636533623434623434366366326533616663353338346539336138313237
33356162633031383565343961333333366236636463383133313066343765646638663864653033
31623637333865323862386337343865333864633130383431356133396435663639613063376237
39363933666533363230643231343038363138376361356438613166376233313532376564393035
37616634666435313336633265656338616461343736613539323134363934313434353666323461
37363530373631376665383134616330396439613266343865363961623562366464386363353433
31663064313531386632343731356661366366393361326334363936363262613731346336353931
33303039656631383665646164626434316262353062363065353931666230376564316438663936
66306630353933376138663330366465306335636132646262396437613739303139663339633639
39333336623839363335613435386538326363646363313365356137376232323235363532386362
37363136396364643933653364386437336638616666636563396266633561636164313831656634
38366532303938383761373538393935313634636662393539393465336336383638386631303631
31303332363564666332613731343262316463613533613133326130316437303361396632393735
34656332363337363030316362333362353039333930643464653761643265373031643236363165
33623938306263303033663366366261323236616534316362353536663562363930646162326664
33636665393430343338396435653237366237313333646230386333316134343263323636663861
32363734646234663533316465616165613366626533393938333061396537333661353438306262
33626162613966393832373435616631623638363262626463323763343530303465313232356232
3066656463303565343833663965646230353936353338353239
